{
 "cells": [
  {
   "cell_type": "code",
   "execution_count": 1,
   "metadata": {},
   "outputs": [
    {
     "name": "stdout",
     "output_type": "stream",
     "text": [
      "[1 0 1 0 1]\n",
      "0.88\n",
      "G: [[  0.           0.           0.           0.           0.\n",
      "    0.           0.           0.           0.           0.\n",
      "    0.           0.           0.           0.           0.\n",
      "    0.           0.           0.           0.           0.\n",
      "    0.           0.           0.           0.           0.        ]\n",
      " [  0.           0.           0.           0.           0.\n",
      "  142.09837797 111.87947344   0.           0.         150.39504627\n",
      "  114.23647882   0.           0.         150.19989541   0.\n",
      "  131.58366065 157.47805115 112.31574955 132.74981186 145.83920597\n",
      "    0.           0.         173.94974939 168.88400231   0.        ]\n",
      " [  0.           0.           0.           0.           0.\n",
      "    0.           0.           0.           0.           0.\n",
      "    0.           0.           0.           0.           0.\n",
      "    0.           0.           0.           0.           0.\n",
      "    0.           0.           0.           0.           0.        ]\n",
      " [  0.           0.           0.           0.           0.\n",
      "    0.           0.           0.           0.           0.\n",
      "    0.           0.           0.           0.           0.\n",
      "    0.           0.           0.           0.           0.\n",
      "    0.           0.           0.           0.           0.        ]\n",
      " [  0.           0.           0.           0.           0.\n",
      "    0.           0.           0.           0.           0.\n",
      "    0.           0.           0.           0.           0.\n",
      "    0.           0.           0.           0.           0.\n",
      "    0.           0.           0.           0.           0.        ]\n",
      " [  0.         142.09837797   0.           0.           0.\n",
      "    0.         137.85452564   0.           0.         190.20257754\n",
      "  195.74710557   0.           0.         224.93938947   0.\n",
      "  138.17971408 168.86293277 133.56351797 134.09430726 180.04983306\n",
      "    0.           0.         196.63537154 214.64939586   0.        ]\n",
      " [  0.         111.87947344   0.           0.           0.\n",
      "  137.85452564   0.           0.           0.         152.17904267\n",
      "  173.77112505   0.           0.         189.29884568   0.\n",
      "  153.52668527 142.88414846 144.75714387 143.12648984 203.43986802\n",
      "    0.           0.         137.79069009 155.67426973   0.        ]\n",
      " [  0.           0.           0.           0.           0.\n",
      "    0.           0.           0.           0.           0.\n",
      "    0.           0.           0.           0.           0.\n",
      "    0.           0.           0.           0.           0.\n",
      "    0.           0.           0.           0.           0.        ]\n",
      " [  0.           0.           0.           0.           0.\n",
      "    0.           0.           0.           0.           0.\n",
      "    0.           0.           0.           0.           0.\n",
      "    0.           0.           0.           0.           0.\n",
      "    0.           0.           0.           0.           0.        ]\n",
      " [  0.         150.39504627   0.           0.           0.\n",
      "  190.20257754 152.17904267   0.           0.           0.\n",
      "  198.49760593   0.           0.         180.19341935   0.\n",
      "  172.59827607 149.13780026 182.74263093  94.73230244 228.44643331\n",
      "    0.           0.         205.79329949 143.05379414   0.        ]\n",
      " [  0.         114.23647882   0.           0.           0.\n",
      "  195.74710557 173.77112505   0.           0.         198.49760593\n",
      "    0.           0.           0.         180.01424419   0.\n",
      "  175.06304667 134.85791788 171.00781777 142.04107663 167.47441286\n",
      "    0.           0.         187.05776735 197.33294075   0.        ]\n",
      " [  0.           0.           0.           0.           0.\n",
      "    0.           0.           0.           0.           0.\n",
      "    0.           0.           0.           0.           0.\n",
      "    0.           0.           0.           0.           0.\n",
      "    0.           0.           0.           0.           0.        ]\n",
      " [  0.           0.           0.           0.           0.\n",
      "    0.           0.           0.           0.           0.\n",
      "    0.           0.           0.           0.           0.\n",
      "    0.           0.           0.           0.           0.\n",
      "    0.           0.           0.           0.           0.        ]\n",
      " [  0.         150.19989541   0.           0.           0.\n",
      "  224.93938947 189.29884568   0.           0.         180.19341935\n",
      "  180.01424419   0.           0.           0.           0.\n",
      "  178.96151189 212.46465637 196.57572892 184.94936094 211.66864425\n",
      "    0.           0.         229.20436328 236.30012787   0.        ]\n",
      " [  0.           0.           0.           0.           0.\n",
      "    0.           0.           0.           0.           0.\n",
      "    0.           0.           0.           0.           0.\n",
      "    0.           0.           0.           0.           0.\n",
      "    0.           0.           0.           0.           0.        ]\n",
      " [  0.         131.58366065   0.           0.           0.\n",
      "  138.17971408 153.52668527   0.           0.         172.59827607\n",
      "  175.06304667   0.           0.         178.96151189   0.\n",
      "    0.         140.85100644 119.99853676 132.08466682 162.57349134\n",
      "    0.           0.         198.1733327  197.78922407   0.        ]\n",
      " [  0.         157.47805115   0.           0.           0.\n",
      "  168.86293277 142.88414846   0.           0.         149.13780026\n",
      "  134.85791788   0.           0.         212.46465637   0.\n",
      "  140.85100644   0.         138.54411475 107.07215371 166.21566281\n",
      "    0.           0.         167.44767802 143.6936299    0.        ]\n",
      " [  0.         112.31574955   0.           0.           0.\n",
      "  133.56351797 144.75714387   0.           0.         182.74263093\n",
      "  171.00781777   0.           0.         196.57572892   0.\n",
      "  119.99853676 138.54411475   0.         156.24944751  93.82754043\n",
      "    0.           0.         196.92642737 198.67305376   0.        ]\n",
      " [  0.         132.74981186   0.           0.           0.\n",
      "  134.09430726 143.12648984   0.           0.          94.73230244\n",
      "  142.04107663   0.           0.         184.94936094   0.\n",
      "  132.08466682 107.07215371 156.24944751   0.         188.16828833\n",
      "    0.           0.         169.32724659 144.73781925   0.        ]\n",
      " [  0.         145.83920597   0.           0.           0.\n",
      "  180.04983306 203.43986802   0.           0.         228.44643331\n",
      "  167.47441286   0.           0.         211.66864425   0.\n",
      "  162.57349134 166.21566281  93.82754043 188.16828833   0.\n",
      "    0.           0.         238.26866616 242.74193731   0.        ]\n",
      " [  0.           0.           0.           0.           0.\n",
      "    0.           0.           0.           0.           0.\n",
      "    0.           0.           0.           0.           0.\n",
      "    0.           0.           0.           0.           0.\n",
      "    0.           0.           0.           0.           0.        ]\n",
      " [  0.           0.           0.           0.           0.\n",
      "    0.           0.           0.           0.           0.\n",
      "    0.           0.           0.           0.           0.\n",
      "    0.           0.           0.           0.           0.\n",
      "    0.           0.           0.           0.           0.        ]\n",
      " [  0.         173.94974939   0.           0.           0.\n",
      "  196.63537154 137.79069009   0.           0.         205.79329949\n",
      "  187.05776735   0.           0.         229.20436328   0.\n",
      "  198.1733327  167.44767802 196.92642737 169.32724659 238.26866616\n",
      "    0.           0.           0.         196.53555813   0.        ]\n",
      " [  0.         168.88400231   0.           0.           0.\n",
      "  214.64939586 155.67426973   0.           0.         143.05379414\n",
      "  197.33294075   0.           0.         236.30012787   0.\n",
      "  197.78922407 143.6936299  198.67305376 144.73781925 242.74193731\n",
      "    0.           0.         196.53555813   0.           0.        ]\n",
      " [  0.           0.           0.           0.           0.\n",
      "    0.           0.           0.           0.           0.\n",
      "    0.           0.           0.           0.           0.\n",
      "    0.           0.           0.           0.           0.\n",
      "    0.           0.           0.           0.           0.        ]]\n"
     ]
    }
   ],
   "source": [
    "import os\n",
    "import sys\n",
    "import inspect\n",
    "\n",
    "sys.path.insert(1, os.path.join(sys.path[0], '..'))\n",
    "\n",
    "import fatapi\n",
    "from fatapi.data import Data\n",
    "from fatapi.model import BlackBox, Model, DensityEstimator\n",
    "import numpy as np\n",
    "from fatapi.methods import FACEMethod\n",
    "from sklearn.neural_network import MLPClassifier\n",
    "from sklearn.datasets import make_classification\n",
    "from sklearn.model_selection import GridSearchCV\n",
    "from sklearn.neighbors import KernelDensity\n",
    "from sklearn.model_selection import train_test_split\n",
    "\n",
    "X, y = make_classification(n_samples=100, random_state=1)\n",
    "X_train, X_test, y_train, y_test = train_test_split(X, y, stratify=y, random_state=1)\n",
    "clf = MLPClassifier(random_state=1, max_iter=300).fit(X_train, y_train)\n",
    "\n",
    "print(clf.predict(X_test[:5, :]))\n",
    "print(clf.score(X_test, y_test))\n",
    "data_X = Data(dataset=X_test, dtype=\"data\", encoded=True)\n",
    "data_y = Data(dataset=y_test, dtype=\"target\", encoded=True)\n",
    "\n",
    "# Has to return a boolean \n",
    "def conditionf(**kwargs):\n",
    "    return True\n",
    "\n",
    "row_indicies = [0,1,2,3,4]\n",
    "blackb = BlackBox(clf)\n",
    "face_model = Model(data_X, data_y, blackbox=blackb)\n",
    "bandwidths = 10 ** np.linspace(-2, 1, 100)  \n",
    "#bandwidths = [0.60]\n",
    "grid = GridSearchCV(KernelDensity(kernel='gaussian'),\n",
    "                    {'bandwidth': bandwidths},\n",
    "                    cv=20)\n",
    "#encoded, normalised dataset\n",
    "grid.fit(data_X.dataset)\n",
    "dens_est = grid.best_estimator_\n",
    "dens_estt = DensityEstimator(estimator=grid.best_estimator_)\n",
    "face_method = FACEMethod(factuals=data_X.get_rows_as_data(row_indicies), factuals_target=data_y.get_rows_as_data(row_indicies), model=face_model, kernel_type=\"kde\", epsilon=0.7, t_prediction=0.5, t_density=0.01, conditions=conditionf, density_estimator=dens_estt)\n",
    "print(f\"G: {face_method.explain()}\")"
   ]
  },
  {
   "cell_type": "code",
   "execution_count": null,
   "metadata": {},
   "outputs": [],
   "source": []
  }
 ],
 "metadata": {
  "interpreter": {
   "hash": "b3ba2566441a7c06988d0923437866b63cedc61552a5af99d1f4fb67d367b25f"
  },
  "kernelspec": {
   "display_name": "Python 3",
   "language": "python",
   "name": "python3"
  },
  "language_info": {
   "codemirror_mode": {
    "name": "ipython",
    "version": 3
   },
   "file_extension": ".py",
   "mimetype": "text/x-python",
   "name": "python",
   "nbconvert_exporter": "python",
   "pygments_lexer": "ipython3",
   "version": "3.8.10"
  }
 },
 "nbformat": 4,
 "nbformat_minor": 5
}
