{
 "cells": [
  {
   "cell_type": "code",
   "execution_count": 1,
   "metadata": {},
   "outputs": [
    {
     "name": "stdout",
     "output_type": "stream",
     "text": [
      "[1 0 1 0 1]\n",
      "0.88\n",
      "Graph: [[  0.         112.57176708 220.16807468 197.39020876 138.25354424\n",
      "  131.45324515  94.94605226 107.60612432 159.69028866 167.35360196\n",
      "  168.19924302 194.14507213 108.97600195 188.67056034 133.16751049\n",
      "  138.68799647 150.78044241 157.27496418 142.51660328 198.03055776\n",
      "  159.1367721  174.45406741 182.69219212 184.96573136 111.34771086]\n",
      " [112.57176708   0.         178.64358421 167.75957386 133.94370394\n",
      "  142.09837797 111.87947344 146.07103048 122.9530168  150.39504627\n",
      "  114.23647882 140.94246804 130.15339729 150.19989541 135.30434116\n",
      "  131.58366065 157.47805115 112.31574955 132.74981186 145.83920597\n",
      "  182.52857628 157.59849275 173.94974939 168.88400231 151.32914559]\n",
      " [220.16807468 178.64358421   0.         168.03301662 140.83258562\n",
      "  256.44172687 219.18518211 174.74552491 182.2396636  231.83429055\n",
      "  173.37380049 135.78565636 176.17626343 188.815039   157.62208836\n",
      "  227.74336801 198.89022188 179.88652883 221.53469572 179.1279021\n",
      "  252.13336688 191.92474883 226.25920841 173.07706195 229.83487843]\n",
      " [197.39020876 167.75957386 168.03301662   0.         181.90504718\n",
      "  184.24059981 194.30016673 212.26134608 133.53675912 229.13957787\n",
      "  206.57866522 163.94781263 179.26284229 207.61443722 186.77898302\n",
      "  207.70139674 200.09442592 125.39087608 195.55933775 145.10255318\n",
      "  214.03118025 174.77151054 237.50976014 244.17731253 194.0496837 ]\n",
      " [138.25354424 133.94370394 140.83258562 181.90504718   0.\n",
      "  175.11023682 146.13071499 105.42250633 163.10868431 131.13728416\n",
      "  178.58392377 152.75657183 107.65925574 164.13452623  80.09555848\n",
      "  161.90607631 143.52622906 167.3447349  139.96865003 193.43045056\n",
      "  176.13779657 192.49785865 178.44132024 138.35552114 158.35349157]\n",
      " [131.45324515 142.09837797 256.44172687 184.24059981 175.11023682\n",
      "    0.         137.85452564 182.04234133 168.41046878 190.20257754\n",
      "  195.74710557 227.16280842 163.39610621 224.93938947 159.60309219\n",
      "  138.17971408 168.86293277 133.56351797 134.09430726 180.04983306\n",
      "  208.22880204 159.96564119 196.63537154 214.64939586 182.11423838]\n",
      " [ 94.94605226 111.87947344 219.18518211 194.30016673 146.13071499\n",
      "  137.85452564   0.         150.96828948 183.89668804 152.17904267\n",
      "  173.77112505 208.92587105 111.36686985 189.29884568 142.64850229\n",
      "  153.52668527 142.88414846 144.75714387 143.12648984 203.43986802\n",
      "  207.29970419 199.00346373 137.79069009 155.67426973 134.19146027]\n",
      " [107.60612432 146.07103048 174.74552491 212.26134608 105.42250633\n",
      "  182.04234133 150.96828948   0.         170.82127182 157.35748603\n",
      "  141.12630041 182.36163964 123.67413798 143.0202617  117.68485631\n",
      "  123.30944481 124.05887655 173.85753198 136.77770735 202.93036057\n",
      "  165.51841157 176.71976699 164.61397462 184.25052147 124.97472425]\n",
      " [159.69028866 122.9530168  182.2396636  133.53675912 163.10868431\n",
      "  168.41046878 183.89668804 170.82127182   0.         190.49405362\n",
      "  154.55554633 134.88403996 170.82280636 146.75313676 177.79711233\n",
      "  182.15923093 181.57950291 136.95534572 158.7966269   98.47426795\n",
      "  118.65153242 142.33211626 212.27984912 231.93309113 168.00112056]\n",
      " [167.35360196 150.39504627 231.83429055 229.13957787 131.13728416\n",
      "  190.20257754 152.17904267 157.35748603 190.49405362   0.\n",
      "  198.49760593 228.65222559 149.07129545 180.19341935 169.55327089\n",
      "  172.59827607 149.13780026 182.74263093  94.73230244 228.44643331\n",
      "  215.0966573  234.17219522 205.79329949 143.05379414 176.31714706]\n",
      " [168.19924302 114.23647882 173.37380049 206.57866522 178.58392377\n",
      "  195.74710557 173.77112505 141.12630041 154.55554633 198.49760593\n",
      "    0.         174.43634077 177.00816957 180.01424419 162.16925732\n",
      "  175.06304667 134.85791788 171.00781777 142.04107663 167.47441286\n",
      "  234.35029563 199.83875662 187.05776735 197.33294075 188.91666026]\n",
      " [194.14507213 140.94246804 135.78565636 163.94781263 152.75657183\n",
      "  227.16280842 208.92587105 182.36163964 134.88403996 228.65222559\n",
      "  174.43634077   0.         145.23479797 200.74439525 146.49269731\n",
      "  207.97568337 211.61776867 163.74463559 192.13338668 153.11961834\n",
      "  177.37529029 149.86361772 210.3039002  227.89758704 178.20229006]\n",
      " [108.97600195 130.15339729 176.17626343 179.26284229 107.65925574\n",
      "  163.39610621 111.36686985 123.67413798 170.82280636 149.07129545\n",
      "  177.00816957 145.23479797   0.         175.91598372  92.54983993\n",
      "  144.02160849 146.21090628 146.53709654 134.72192026 196.8111303\n",
      "  159.40484823 185.18542277 173.36661118 143.30114038 105.27071998]\n",
      " [188.67056034 150.19989541 188.815039   207.61443722 164.13452623\n",
      "  224.93938947 189.29884568 143.0202617  146.75313676 180.19341935\n",
      "  180.01424419 200.74439525 175.91598372   0.         200.05363168\n",
      "  178.96151189 212.46465637 196.57572892 184.94936094 211.66864425\n",
      "  172.22466745 205.0030671  229.20436328 236.30012787 190.96781642]\n",
      " [133.16751049 135.30434116 157.62208836 186.77898302  80.09555848\n",
      "  159.60309219 142.64850229 117.68485631 177.79711233 169.55327089\n",
      "  162.16925732 146.49269731  92.54983993 200.05363168   0.\n",
      "  171.35450907 141.56908778 162.29441921 151.44979346 200.65518174\n",
      "  192.49231201 209.05499696 145.23370107 139.25285588 147.19973879]\n",
      " [138.68799647 131.58366065 227.74336801 207.70139674 161.90607631\n",
      "  138.17971408 153.52668527 123.30944481 182.15923093 172.59827607\n",
      "  175.06304667 207.97568337 144.02160849 178.96151189 171.35450907\n",
      "    0.         140.85100644 119.99853676 132.08466682 162.57349134\n",
      "  189.90576879 136.45167993 198.1733327  197.78922407 161.73304092]\n",
      " [150.78044241 157.47805115 198.89022188 200.09442592 143.52622906\n",
      "  168.86293277 142.88414846 124.05887655 181.57950291 149.13780026\n",
      "  134.85791788 211.61776867 146.21090628 212.46465637 141.56908778\n",
      "  140.85100644   0.         138.54411475 107.07215371 166.21566281\n",
      "  213.41688376 206.87663543 167.44767802 143.6936299  124.48606225]\n",
      " [157.27496418 112.31574955 179.88652883 125.39087608 167.3447349\n",
      "  133.56351797 144.75714387 173.85753198 136.95534572 182.74263093\n",
      "  171.00781777 163.74463559 146.53709654 196.57572892 162.29441921\n",
      "  119.99853676 138.54411475   0.         156.24944751  93.82754043\n",
      "  196.54806808 120.91307135 196.92642737 198.67305376 148.14023593]\n",
      " [142.51660328 132.74981186 221.53469572 195.55933775 139.96865003\n",
      "  134.09430726 143.12648984 136.77770735 158.7966269   94.73230244\n",
      "  142.04107663 192.13338668 134.72192026 184.94936094 151.44979346\n",
      "  132.08466682 107.07215371 156.24944751   0.         188.16828833\n",
      "  211.29817376 180.90398044 169.32724659 144.73781925 162.18951314]\n",
      " [198.03055776 145.83920597 179.1279021  145.10255318 193.43045056\n",
      "  180.04983306 203.43986802 202.93036057  98.47426795 228.44643331\n",
      "  167.47441286 153.11961834 196.8111303  211.66864425 200.65518174\n",
      "  162.57349134 166.21566281  93.82754043 188.16828833   0.\n",
      "  181.86290884 118.88500977 238.26866616 242.74193731 193.78753624]\n",
      " [159.1367721  182.52857628 252.13336688 214.03118025 176.13779657\n",
      "  208.22880204 207.29970419 165.51841157 118.65153242 215.0966573\n",
      "  234.35029563 177.37529029 159.40484823 172.22466745 192.49231201\n",
      "  189.90576879 213.41688376 196.54806808 211.29817376 181.86290884\n",
      "    0.         192.27846553 245.37776961 260.34517265 129.34908362]\n",
      " [174.45406741 157.59849275 191.92474883 174.77151054 192.49785865\n",
      "  159.96564119 199.00346373 176.71976699 142.33211626 234.17219522\n",
      "  199.83875662 149.86361772 185.18542277 205.0030671  209.05499696\n",
      "  136.45167993 206.87663543 120.91307135 180.90398044 118.88500977\n",
      "  192.27846553   0.         222.82425001 260.78304562 204.74184705]\n",
      " [182.69219212 173.94974939 226.25920841 237.50976014 178.44132024\n",
      "  196.63537154 137.79069009 164.61397462 212.27984912 205.79329949\n",
      "  187.05776735 210.3039002  173.36661118 229.20436328 145.23370107\n",
      "  198.1733327  167.44767802 196.92642737 169.32724659 238.26866616\n",
      "  245.37776961 222.82425001   0.         196.53555813 180.93831052]\n",
      " [184.96573136 168.88400231 173.07706195 244.17731253 138.35552114\n",
      "  214.64939586 155.67426973 184.25052147 231.93309113 143.05379414\n",
      "  197.33294075 227.89758704 143.30114038 236.30012787 139.25285588\n",
      "  197.78922407 143.6936299  198.67305376 144.73781925 242.74193731\n",
      "  260.34517265 260.78304562 196.53555813   0.         205.95532377]\n",
      " [111.34771086 151.32914559 229.83487843 194.0496837  158.35349157\n",
      "  182.11423838 134.19146027 124.97472425 168.00112056 176.31714706\n",
      "  188.91666026 178.20229006 105.27071998 190.96781642 147.19973879\n",
      "  161.73304092 124.48606225 148.14023593 162.18951314 193.78753624\n",
      "  129.34908362 204.74184705 180.93831052 205.95532377   0.        ]]\n",
      "Paths: [[0, 6], [1, 0], [2, 23], [3, 17], [4, 9]]\n",
      "Counterfactuals: [6, 0, 23, 17, 9]\n",
      "\n",
      "\n",
      "for factual X[0] (as data: [ 0.6065484   0.81695766  1.05132077  1.65712464 -0.45971768 -0.58896393\n",
      "  0.65032321  0.05031709  1.70548352  1.41767401 -0.73728963  0.30981676\n",
      "  0.77817418 -1.12478707 -1.28393266  0.08075099  0.09499611 -0.36453805\n",
      "  0.16466507 -0.76780375]), the counterfactual is X[6] (as classification: [0])\n",
      "\n",
      "\n",
      "X[6]: [ 0.01716473 -0.86447712 -0.10288722  2.0546241   0.80884436 -1.35233732\n",
      "  0.35016716 -0.4791571   1.78975468  0.05340954 -0.42914228  0.84086156\n",
      "  1.1157018  -1.40921978 -0.74090474 -0.04970258  1.14690038  1.03368687\n",
      "  1.20845633  0.46664327], Y[6]: [0]\n"
     ]
    }
   ],
   "source": [
    "import os\n",
    "import sys\n",
    "import inspect\n",
    "\n",
    "sys.path.insert(1, os.path.join(sys.path[0], '..'))\n",
    "\n",
    "import fatapi\n",
    "from fatapi.data import Data\n",
    "from fatapi.model import BlackBox, Model, DensityEstimator\n",
    "import numpy as np\n",
    "from fatapi.methods import FACEMethod\n",
    "from sklearn.neural_network import MLPClassifier\n",
    "from sklearn.datasets import make_classification\n",
    "from sklearn.model_selection import GridSearchCV\n",
    "from sklearn.neighbors import KernelDensity\n",
    "from sklearn.model_selection import train_test_split\n",
    "\n",
    "X, y = make_classification(n_samples=100, random_state=1)\n",
    "X_train, X_test, y_train, y_test = train_test_split(X, y, stratify=y, random_state=1)\n",
    "clf = MLPClassifier(random_state=1, max_iter=300).fit(X_train, y_train)\n",
    "\n",
    "print(clf.predict(X_test[:5, :]))\n",
    "print(clf.score(X_test, y_test))\n",
    "data_X = Data(dataset=X_test, dtype=\"data\", encoded=True)\n",
    "data_y = Data(dataset=y_test, dtype=\"target\", encoded=True)\n",
    "\n",
    "# Has to return a boolean \n",
    "def conditionf(**kwargs):\n",
    "    return True\n",
    "\n",
    "row_indicies = [0,1,2,3,4]\n",
    "blackb = BlackBox(clf)\n",
    "face_model = Model(data_X, data_y, blackbox=blackb)\n",
    "bandwidths = 10 ** np.linspace(-2, 1, 100)  \n",
    "grid = GridSearchCV(KernelDensity(kernel='gaussian'),\n",
    "                    {'bandwidth': bandwidths},\n",
    "                    cv=20)\n",
    "#encoded, normalised dataset\n",
    "grid.fit(data_X.dataset)\n",
    "dens_est = grid.best_estimator_\n",
    "dens_estt = DensityEstimator(estimator=dens_est)\n",
    "factuals = data_X.get_rows_as_data(row_indicies)\n",
    "factuals_target = data_y.get_rows_as_data(row_indicies)\n",
    "\n",
    "face_method = FACEMethod(factuals=factuals, \n",
    "                         factuals_target=factuals_target, \n",
    "                         model=face_model, kernel_type=\"kde\", \n",
    "                         t_prediction=0.5, epsilon=0.7,\n",
    "                         t_density=0.0, t_radius_limit=1.10, n_neighbours=20,\n",
    "                         K=10, conditions=conditionf, density_estimator=dens_estt)\n",
    "face_method.explain()\n",
    "print(f\"Graph: {face_method.get_graph()}\")\n",
    "print(f\"Paths: {face_method.get_explain_paths()}\")\n",
    "print(f\"Candidate Indexes: {face_method.get_explain_candidates()}\")\n",
    "\n",
    "counterfactuals_as_indexes = face_method.get_counterfactuals(as_indexes=True)\n",
    "counterfactuals = face_method.get_counterfactuals()\n",
    "counterfactuals_data, counterfactuals_target = face_method.get_counterfactuals_as_data()\n",
    "\n",
    "print(f\"Counterfactuals: {face_method.get_counterfactuals(True)}\")\n",
    "\n",
    "print(f\"\\nfor factual X[{row_indicies[0]}] (as data: {factuals.dataset[0]}), the counterfactual is X[{counterfactuals_as_indexes[0]}] (as classification: {counterfactuals[0]})\")\n",
    "print(f\"\\nX[{counterfactuals_as_indexes[0]}]: {counterfactuals_data[0]}, Y[{counterfactuals_as_indexes[0]}]: {counterfactuals_target[0]}\")"
   ]
  },
  {
   "cell_type": "code",
   "execution_count": null,
   "metadata": {},
   "outputs": [],
   "source": []
  }
 ],
 "metadata": {
  "interpreter": {
   "hash": "b3ba2566441a7c06988d0923437866b63cedc61552a5af99d1f4fb67d367b25f"
  },
  "kernelspec": {
   "display_name": "Python 3",
   "language": "python",
   "name": "python3"
  },
  "language_info": {
   "codemirror_mode": {
    "name": "ipython",
    "version": 3
   },
   "file_extension": ".py",
   "mimetype": "text/x-python",
   "name": "python",
   "nbconvert_exporter": "python",
   "pygments_lexer": "ipython3",
   "version": "3.8.10"
  }
 },
 "nbformat": 4,
 "nbformat_minor": 5
}
